8283 0.00466894
1232 0.00447924
8285 0.00338449
359 0.00334717
624 0.00326891
604 0.00323494
524 0.00315058
10 0.00313062
95 0.00300648
1077 0.00296672
49 0.00292255
929 0.00279484
517 0.00247511
175 0.00238481
839 0.00237728
991 0.00230899
586 0.00219837
617 0.00212612
616 0.00202163
273 0.0020145
670 0.00197704
477 0.00197188
590 0.00195444
658 0.00195222
934 0.00195214
942 0.00191703
744 0.00190243
868 0.0019015
1478 0.00185325
674 0.00180978
581 0.00178884
1092 0.00175346
622 0.00172272
30 0.00171108
258 0.00169912
837 0.00164661
592 0.00157129
584 0.0015505
613 0.00154561
8288 0.00151464
885 0.00151381
349 0.00151039
378 0.00144471
628 0.00144378
882 0.00142064
32 0.00140475
1372 0.00137997
866 0.00137237
506 0.00135688
339 0.00135334
667 0.00128361
1550 0.0012465
219 0.00124609
405 0.00124468
677 0.00124104
700 0.00123277
8287 0.00122794
151 0.0011913
363 0.00119108
300 0.00116429
979 0.0011502
54 0.0011411
897 0.00113616
930 0.00113019
8 0.00111349
286 0.00111331
127 0.00109543
431 0.00108755
981 0.00106964
488 0.00106937
429 0.00106548
261 0.00106028
39 0.00104568
1513 0.00103983
130 0.00101922
955 0.00101087
1563 0.00100456
656 0.000987325
705 0.000983025
2426 0.000979843
377 0.000961415
936 0.000959353
918 0.000954199
682 0.000931794
932 0.000923838
945 0.00092338
750 0.00091932
881 0.000908178
966 0.000907222
192 0.000879694
878 0.000876214
838 0.000847516
371 0.000846466
152 0.000838303
611 0.000827637
1190 0.000825701
982 0.000796244
183 0.000786556
567 0.000773051
50 0.000771877
