8286 0.00272871
1326 0.00262009
1435 0.00261839
1472 0.00213424
1221 0.00211154
1389 0.00198611
717 0.00197273
314 0.00195176
2202 0.00189002
2083 0.00187183
744 0.00184587
1486 0.00179337
1402 0.0017922
1418 0.00178632
3256 0.00178463
1950 0.00170747
1446 0.00166919
2168 0.00163285
1983 0.00163007
2253 0.00162718
1532 0.00161673
694 0.00161203
1420 0.00158903
2910 0.00157327
1716 0.00156658
1396 0.00156129
1848 0.00155517
607 0.00151712
1432 0.00151357
1394 0.00149048
1127 0.00147215
1203 0.00145127
1771 0.00144325
1220 0.00141789
1465 0.00140831
1444 0.00139739
1425 0.00139114
1287 0.0013876
2281 0.00137872
227 0.00134967
1565 0.00131471
334 0.00130007
1672 0.00128449
575 0.00127395
963 0.00127246
1613 0.00127196
1920 0.00126284
1032 0.00125508
2362 0.00124375
2109 0.00122315
2085 0.00122155
338 0.00121664
1524 0.0012108
2181 0.00119855
1441 0.00119587
1985 0.0011943
1061 0.00117449
1798 0.00117287
1649 0.00115631
2079 0.00115337
601 0.00115302
1547 0.00114616
1375 0.00113529
674 0.00113395
1610 0.00113154
1372 0.0011295
1732 0.00112571
2137 0.00111923
803 0.00111847
1689 0.00111103
1407 0.0011098
2178 0.00110785
1413 0.00110099
1137 0.00109663
1749 0.00109394
1442 0.00109231
810 0.00109221
2333 0.00108925
2097 0.00108804
1991 0.00107955
764 0.00107689
907 0.00107588
1747 0.00106422
1034 0.00106237
1657 0.0010554
1439 0.00104512
1023 0.0010393
947 0.00103719
1468 0.00103706
1583 0.00103616
1707 0.00102735
791 0.00102589
836 0.00102033
985 0.00101933
982 0.00101151
823 0.00100894
587 0.00100746
1518 0.00100602
1678 0.00100279
1531 0.00100153
