1300 0.00488855
8282 0.00365568
584 0.00311396
645 0.00308051
1077 0.00307813
8285 0.0027812
566 0.00273161
273 0.00272844
394 0.00263296
586 0.00253819
422 0.00253049
389 0.00248668
4658 0.00247312
431 0.0024652
616 0.00245364
604 0.00241445
8284 0.00241054
650 0.00239968
421 0.00239891
301 0.00239592
182 0.00237362
127 0.00234645
226 0.00232434
515 0.00231937
341 0.00230696
261 0.00229252
362 0.00225249
6 0.00221205
435 0.00220316
613 0.00216149
581 0.00211712
140 0.00210463
286 0.00205098
433 0.00203706
219 0.00203363
154 0.00202746
38 0.0020188
428 0.00201492
377 0.00200057
147 0.00199142
61 0.00198474
589 0.00196864
216 0.00196756
538 0.00194946
224 0.00194465
378 0.00192488
167 0.00192079
3 0.00191827
514 0.00191673
379 0.00191591
302 0.00189831
370 0.00189727
39 0.00187597
130 0.00187315
19 0.00187221
427 0.0018693
396 0.00186715
274 0.00186664
356 0.00183919
32 0.00183808
390 0.00182976
54 0.0018177
23 0.00180574
4303 0.0017661
300 0.00175636
368 0.00173416
163 0.00172737
567 0.00172653
371 0.00171792
348 0.00168702
687 0.00167702
236 0.00167411
631 0.00167108
373 0.00167098
4561 0.00165778
232 0.0016473
363 0.00163432
419 0.00162441
150 0.00162179
49 0.00159385
358 0.00159294
667 0.00158676
349 0.0015806
252 0.00156593
405 0.00155603
132 0.00155574
93 0.00155329
10 0.00155246
681 0.00152006
391 0.00151621
250 0.00151543
477 0.0014638
359 0.00145271
325 0.00144695
670 0.00144144
280 0.00143813
8 0.00142976
94 0.00142544
33 0.00141294
178 0.00141234
