1300 0.00203236
4389 0.0019635
219 0.00195064
250 0.00186208
586 0.00179695
421 0.00174948
8282 0.0017465
538 0.00173122
154 0.00171123
38 0.0016372
23 0.00162919
422 0.00162767
252 0.00160676
30 0.00160487
392 0.00160108
390 0.00159574
341 0.00159008
274 0.00158353
581 0.00156111
127 0.00155806
216 0.0015486
273 0.0015446
61 0.00153422
130 0.00153392
378 0.00145695
163 0.00145209
261 0.0014486
286 0.00142011
301 0.00140959
604 0.00140636
89 0.00140541
394 0.00140504
396 0.00139903
373 0.00138726
49 0.00138597
584 0.00138403
8286 0.00138374
592 0.00138026
183 0.00137735
517 0.00137145
645 0.00137017
566 0.00136677
167 0.00136594
54 0.00135741
10 0.00135622
32 0.00135591
93 0.00135453
348 0.00135174
358 0.00135112
257 0.00134326
363 0.00134277
3 0.00134134
1077 0.0013383
379 0.00133797
362 0.0013159
427 0.00130269
419 0.00129886
617 0.00129538
178 0.00128478
302 0.00127804
147 0.00126458
377 0.00126133
440 0.00125168
192 0.00125115
356 0.00125012
514 0.00122226
182 0.0012121
515 0.00120993
433 0.0012055
431 0.00120268
226 0.00119909
300 0.00119819
793 0.00119751
6 0.00119028
19 0.0011855
611 0.00118276
168 0.00118043
8 0.00117586
589 0.00117516
105 0.00117259
236 0.00116943
590 0.0011685
8287 0.00116212
359 0.00116017
391 0.00114739
50 0.00114159
668 0.00114078
619 0.00113995
152 0.00113502
232 0.00113171
94 0.00112589
667 0.00112459
435 0.00111824
140 0.00111406
8285 0.00111076
806 0.00111048
258 0.00110993
75 0.00110647
613 0.00110581
524 0.00109721
