1300 0.00801724
378 0.00566994
358 0.00483398
301 0.00475557
286 0.00473911
273 0.00433995
19 0.00431791
183 0.00428533
8282 0.00421781
261 0.00420478
127 0.00418545
163 0.00411571
389 0.00410123
250 0.00398579
394 0.00395332
584 0.0039414
130 0.00391825
373 0.00386275
6965 0.00384175
226 0.00383435
132 0.00382097
154 0.0037958
252 0.00376205
339 0.00373311
564 0.00373225
274 0.00355047
359 0.00354226
566 0.0035245
216 0.00348658
681 0.00345966
422 0.00343436
983 0.00340122
377 0.00334361
421 0.00334001
668 0.00326957
300 0.00325268
258 0.00321795
379 0.00320029
147 0.00317192
50 0.00315599
616 0.00313722
33 0.00312195
390 0.00310235
257 0.00309153
363 0.00306102
592 0.00305604
89 0.00303838
371 0.00302138
54 0.00299974
224 0.00298928
619 0.00296127
167 0.00295909
391 0.00293324
182 0.00292314
590 0.00290339
23 0.00289438
38 0.0028761
219 0.00287016
10 0.00284921
93 0.00282189
30 0.00280889
362 0.00280117
396 0.002793
419 0.00272914
61 0.00272788
440 0.00272204
6 0.00271081
356 0.00270969
609 0.0026592
405 0.00263355
349 0.0026229
140 0.00261807
348 0.00261644
168 0.00256593
581 0.00252023
538 0.00245561
151 0.00244091
675 0.00242024
135 0.00240613
617 0.00238357
723 0.00238353
431 0.00237634
34 0.00232636
280 0.00231407
650 0.00231315
631 0.00228077
589 0.00226232
435 0.00225972
370 0.00224329
428 0.0022328
8285 0.00219629
427 0.00219628
611 0.00219453
80 0.00218214
153 0.00217824
246 0.00216714
306 0.00216377
39 0.00213305
402 0.00209479
645 0.00205172
