38 0.00699038
392 0.00648501
10 0.00641457
61 0.00620412
617 0.00582031
4658 0.00573124
130 0.00560969
89 0.00553356
250 0.00544546
163 0.00540233
6965 0.00535962
127 0.00522115
286 0.00511772
23 0.00507267
592 0.00502068
219 0.00488671
261 0.00472421
168 0.00461799
538 0.00456059
694 0.0045371
54 0.00447039
390 0.0044475
6 0.00442606
586 0.00440377
611 0.00439278
581 0.00438212
216 0.00429561
378 0.00424251
363 0.00423915
258 0.00418769
183 0.00415629
421 0.00406972
584 0.00394546
422 0.00394323
645 0.00391346
33 0.00387636
8286 0.00383132
619 0.00379803
650 0.00376971
631 0.00372788
564 0.00364552
706 0.00360335
589 0.00359668
349 0.00358523
154 0.00358159
167 0.00358073
153 0.00355342
604 0.00353277
440 0.00352364
4561 0.00352021
257 0.00351551
725 0.00350994
613 0.00347788
609 0.00342661
34 0.00339597
273 0.00338463
147 0.00336441
236 0.00336247
50 0.00332752
675 0.00331582
19 0.00330422
779 0.00328723
624 0.00328274
667 0.00323219
590 0.00317587
105 0.00316434
8282 0.00314928
224 0.00313079
658 0.00310638
252 0.00309829
232 0.0030907
93 0.00308335
8 0.00308295
255 0.00307063
371 0.00306418
362 0.00303745
427 0.00302911
668 0.0030166
274 0.00300156
339 0.00296728
664 0.00290439
359 0.00290206
3 0.00289966
760 0.00289084
32 0.00284065
140 0.00282946
300 0.00282111
280 0.00281577
1472 0.00279769
358 0.00278015
622 0.0027758
175 0.00275605
135 0.00265081
657 0.0026293
377 0.00262656
132 0.00260111
433 0.00255817
723 0.00255147
341 0.00252259
560 0.00250993
