1971 0.000986566
6611 0.000974946
188 0.000973984
3880 0.000966989
852 0.000965842
3825 0.000963671
4896 0.000962142
4521 0.000961402
4264 0.000953261
7034 0.00095178
4188 0.00094975
5726 0.00094882
3036 0.000947564
4783 0.000942018
2678 0.000940679
4047 0.000937997
4880 0.000935554
4389 0.000929577
7957 0.000927357
2133 0.000926547
4111 0.00092645
4550 0.000925266
3832 0.000917623
1300 0.000891832
4359 0.000847103
4332 0.000792128
3486 0.000751546
4809 0.000749887
5120 0.000728496
4678 0.000724743
3713 0.000711104
6376 0.000701534
4386 0.0006927
4650 0.000687565
3911 0.000684302
4562 0.000683498
4778 0.0006826
4466 0.000677193
4078 0.000676978
4822 0.000673399
2811 0.000669609
3661 0.00066863
4662 0.000666789
3635 0.000666168
4583 0.000661117
4776 0.000659874
4030 0.000659807
5882 0.000659725
3073 0.000659269
3660 0.000654886
3607 0.00064882
4780 0.000646399
4331 0.000645883
4639 0.000645768
3114 0.000645422
3023 0.00064326
4684 0.000642346
3806 0.000641338
4613 0.00064045
4558 0.000639809
3464 0.000639199
3893 0.000631384
4171 0.000631356
4648 0.000631269
4265 0.000629126
4677 0.000627651
4303 0.000627319
4212 0.000626574
3446 0.000624416
5267 0.000623071
4887 0.000621902
2760 0.000620533
2326 0.000618133
4088 0.000617013
3271 0.000615057
4954 0.000615055
4811 0.000614295
2229 0.00061301
3549 0.000611943
5146 0.00061101
4706 0.000603725
5132 0.000603571
2257 0.00060353
4031 0.000598864
4814 0.000595683
1706 0.000594828
3912 0.0005947
3458 0.000594481
4719 0.000591843
3313 0.00059177
3949 0.000588071
3849 0.000587978
1769 0.000586125
4471 0.000586124
2612 0.000585938
3926 0.000582728
3309 0.000582084
3555 0.000580543
4385 0.000579696
3616 0.000577509
