1300 0.00911349
586 0.0062914
389 0.0049892
8282 0.00478097
6965 0.0044366
362 0.00416227
581 0.00386529
359 0.00384258
392 0.00377753
349 0.00370777
617 0.00364874
358 0.00364115
538 0.00359394
341 0.00359012
273 0.00353984
390 0.00353526
127 0.00349092
435 0.00347608
300 0.00347529
286 0.00345055
258 0.00344529
592 0.00331009
163 0.00321782
431 0.0031921
584 0.00317296
226 0.00308239
167 0.00308222
379 0.00308081
589 0.00305338
93 0.00304553
433 0.0030175
422 0.0029654
566 0.00290738
419 0.00288199
348 0.00287866
23 0.00283742
616 0.00277983
371 0.00277718
421 0.00269601
261 0.00269524
236 0.00269381
140 0.00267272
604 0.00267127
942 0.00261651
301 0.0025938
378 0.00259342
10 0.00255938
668 0.00252659
428 0.00247553
154 0.00246406
670 0.00245606
440 0.00244975
405 0.00244736
427 0.00243781
373 0.00240709
80 0.00237545
151 0.00236302
590 0.00231812
175 0.00230358
339 0.00229695
33 0.00229666
147 0.00228864
274 0.00228194
394 0.00225884
50 0.00223782
183 0.00222959
567 0.00222936
89 0.00220219
168 0.00219491
257 0.00219165
252 0.00219059
182 0.00218823
611 0.002177
130 0.00214579
1472 0.00214349
3 0.00211984
820 0.00210934
885 0.00210622
232 0.0020921
609 0.0020766
54 0.00207298
250 0.00203428
1478 0.00200375
153 0.00198971
19 0.00197306
356 0.00194512
38 0.00192242
280 0.00192182
7161 0.00190982
396 0.00190724
627 0.00190479
377 0.00190308
8283 0.00189712
306 0.00189594
34 0.00188448
363 0.00188424
694 0.00187136
219 0.00186288
674 0.00184593
406 0.00184354
