5145 0.000977464
6611 0.000973834
4896 0.000968834
4880 0.000968703
6987 0.000958945
6279 0.000957309
7034 0.000954825
2678 0.00095335
7690 0.0009516
1300 0.000946714
5177 0.000940078
3036 0.000937515
6680 0.000934779
1971 0.000927544
7957 0.00091206
6047 0.00081734
6632 0.000788119
6663 0.000770201
6107 0.000728233
6106 0.000726366
6235 0.000713374
6491 0.000704865
6344 0.000700609
6840 0.000688692
1074 0.000686371
6221 0.000683746
6803 0.00067337
6170 0.000670926
5533 0.000657533
6721 0.000657364
6777 0.000650965
6778 0.000649945
6590 0.000649185
6149 0.000642441
5880 0.000639363
3842 0.000636728
3880 0.000635536
4441 0.000634578
5273 0.000632932
6606 0.000625954
6613 0.000625484
6054 0.000623727
6725 0.000623509
6700 0.000619041
5792 0.000611667
6528 0.00061136
1352 0.000608507
5809 0.000607947
2376 0.000607819
6501 0.000604543
6407 0.000597264
5827 0.000594437
6566 0.000594118
6724 0.000592656
6809 0.000590632
7023 0.000590338
5188 0.000588258
5588 0.000587488
5663 0.000587354
4276 0.000586203
7246 0.000584783
6552 0.000583216
8297 0.000580699
6668 0.000579654
6156 0.000577606
2440 0.00057617
6272 0.000573516
6699 0.000570454
6311 0.000565127
6511 0.000564629
6720 0.000561426
7653 0.00055924
5739 0.000558417
6567 0.000556272
6945 0.000554402
4065 0.000554267
6873 0.000553314
6967 0.000551518
3919 0.000549334
6269 0.000548302
6948 0.00054651
4709 0.000544958
5977 0.000544524
6595 0.000544423
6897 0.000542411
6570 0.000534785
6432 0.000532345
1823 0.000529579
6464 0.000529437
5709 0.000525707
5714 0.000525405
4748 0.00052428
6594 0.000523835
7168 0.000523582
5802 0.000513323
6553 0.000513112
5871 0.000511633
6576 0.000511618
6723 0.000511506
6933 0.000511397
