1300 0.00634037
4389 0.00605217
38 0.00487351
23 0.00452488
127 0.00446285
163 0.00445898
273 0.00441305
61 0.00439588
216 0.00437705
286 0.00437435
154 0.00434653
250 0.00424188
30 0.00422592
378 0.0041845
147 0.00414365
421 0.00395954
50 0.00393269
261 0.0039101
6 0.00386723
89 0.0038111
392 0.00377927
10 0.00376638
168 0.00375598
130 0.00370028
33 0.00369738
390 0.00345577
422 0.00345379
219 0.00343882
252 0.00337766
93 0.00336301
3 0.00332831
8282 0.00332336
564 0.00328806
581 0.00326835
584 0.00325171
226 0.00321708
609 0.00320478
538 0.00320194
611 0.0032005
19 0.00319272
183 0.00318845
167 0.00318264
358 0.00317521
4658 0.00313578
391 0.00313054
6965 0.00313037
301 0.00310963
300 0.00310019
274 0.00308859
362 0.00305965
589 0.00303132
592 0.00301474
258 0.00294114
396 0.00293406
34 0.00288155
339 0.00287073
257 0.00286756
613 0.00284654
140 0.00282949
224 0.00280727
377 0.00280204
363 0.00279481
394 0.00278467
182 0.00273687
617 0.00270472
631 0.00270439
681 0.00269995
359 0.00261597
132 0.00258845
431 0.00250446
153 0.00247754
105 0.00244981
371 0.00244102
694 0.00243755
379 0.00242777
658 0.00241472
280 0.00239846
427 0.00236322
356 0.00233927
389 0.00230572
779 0.00230252
645 0.00229007
319 0.00228854
348 0.00228545
604 0.00228381
667 0.00226351
664 0.00226097
440 0.00223133
675 0.00222804
619 0.00222338
349 0.00221049
135 0.00220787
566 0.00219827
590 0.00219097
8 0.00216938
428 0.00215404
373 0.00212155
151 0.00211092
687 0.00210254
624 0.00208039
