6856 0.00184204
1971 0.0017841
7297 0.00175597
7957 0.0017558
4521 0.00175176
5145 0.00174114
6987 0.0017206
4880 0.00171927
6680 0.00169813
4896 0.00169786
5471 0.0016953
7034 0.00168439
2133 0.00165308
5368 0.00141347
6111 0.00140718
6933 0.00140443
6920 0.00138226
6344 0.00135035
6464 0.00130971
4488 0.00128086
6047 0.00127892
6225 0.00125719
6096 0.00123189
6105 0.00119713
6054 0.00119369
6226 0.00118369
6901 0.00117547
5792 0.00114707
6149 0.00114285
4441 0.00109927
6360 0.00109814
6078 0.00109112
2925 0.00108805
6269 0.00107328
7319 0.00105745
7304 0.00105582
6109 0.00105472
6170 0.00103561
6272 0.00103551
6528 0.00103227
5739 0.00102567
6278 0.00101845
6083 0.00101555
6166 0.00101406
7799 0.00101133
5802 0.00100974
6892 0.00100752
4764 0.00100461
6942 0.000995459
6967 0.000995415
5972 0.000985665
6699 0.000975315
6340 0.000975008
5932 0.00097168
7673 0.000965981
6777 0.000960338
6873 0.00095729
6948 0.000955338
5103 0.000955244
6945 0.000952337
3919 0.000951773
6803 0.000948863
6663 0.000946041
5827 0.000941638
5977 0.000940526
5639 0.000937251
6567 0.000933965
6686 0.00093303
6106 0.000932164
6788 0.000922823
6001 0.000921852
5417 0.000920562
6930 0.000918248
4065 0.000912516
5926 0.000910362
5818 0.000908669
6721 0.000907653
6235 0.000905431
5310 0.000902903
6592 0.000898698
7765 0.000898149
8058 0.000897423
6606 0.000894421
6860 0.000891575
4527 0.000887976
6613 0.000887957
6576 0.000886387
5753 0.000884158
4786 0.000883076
2914 0.000879901
7534 0.000877937
6110 0.000876491
5140 0.000873412
6897 0.000872237
5756 0.000871579
6668 0.000870323
6491 0.00087013
6858 0.000870125
6826 0.000869601
6227 0.000868034
