566 0.00841407
581 0.00725245
586 0.00669196
419 0.00639523
421 0.00578165
433 0.00568299
392 0.0056396
584 0.00542047
390 0.00503119
422 0.00495672
6965 0.00476388
371 0.0047558
592 0.00422652
538 0.0041215
378 0.0040668
606 0.00397625
564 0.00390178
440 0.00390106
167 0.00385174
589 0.00375853
258 0.00375559
609 0.00374031
301 0.00372587
427 0.003724
604 0.0036458
431 0.00353642
362 0.00347887
182 0.00341344
607 0.00338705
619 0.00333854
687 0.00333432
590 0.00329831
140 0.00326914
216 0.00326607
363 0.00325259
379 0.00320603
226 0.0031963
19 0.00317723
394 0.00313115
236 0.00308579
613 0.00308253
232 0.00302748
261 0.00300796
89 0.00300371
373 0.00298741
286 0.00294448
396 0.00290172
341 0.00288139
8282 0.0028718
631 0.00284273
377 0.00282509
435 0.00279662
624 0.00277615
34 0.00272926
132 0.00271942
250 0.00271182
617 0.00268921
183 0.00268288
280 0.00259699
300 0.00256347
219 0.00254157
349 0.0025401
319 0.00253999
681 0.00253951
358 0.00253131
627 0.00250002
368 0.0024928
645 0.00248372
339 0.00247524
359 0.00244296
273 0.00241834
616 0.00240224
178 0.0023977
39 0.00238096
991 0.00234823
650 0.00232658
881 0.00231089
885 0.00227648
1472 0.00227583
636 0.00224925
428 0.00224866
667 0.00221045
668 0.00217672
163 0.00217498
514 0.00213431
389 0.00212205
153 0.00211089
675 0.0020925
391 0.00207041
144 0.00206371
719 0.00206364
130 0.00206009
30 0.00203171
779 0.00202541
684 0.00201523
306 0.00201293
224 0.002005
274 0.00199804
348 0.0019912
903 0.00199024
