6965 0.0103857
586 0.0102531
584 0.00869612
421 0.00823769
392 0.00806769
567 0.00775974
564 0.00720423
419 0.00709913
371 0.00684842
349 0.00668787
390 0.00642122
362 0.00621464
589 0.00612963
219 0.00609777
538 0.00601968
359 0.00600682
617 0.00597549
566 0.00583937
258 0.00555411
433 0.00552438
592 0.00548275
163 0.00547098
358 0.00546809
286 0.00532291
130 0.005219
422 0.00520836
1472 0.00520354
182 0.00518484
378 0.00515262
167 0.00508375
89 0.00504196
619 0.00496
154 0.00489468
250 0.00488344
38 0.00488334
127 0.00487153
23 0.00483003
319 0.00473574
389 0.00471867
301 0.00471843
216 0.00470237
30 0.00450346
273 0.00445917
373 0.00445832
983 0.00443597
10 0.00441329
779 0.00439367
8282 0.00433735
394 0.00432925
363 0.00432308
261 0.00429358
604 0.00427661
300 0.00420427
694 0.00417577
61 0.00416538
236 0.00412638
226 0.0041092
590 0.00408733
613 0.00401781
396 0.0040084
348 0.00399047
427 0.00398121
611 0.00397943
306 0.00397239
257 0.00392015
39 0.00388012
140 0.00387901
7161 0.00383583
616 0.00383514
232 0.00381134
183 0.00379141
440 0.00377045
636 0.00373551
178 0.00367056
622 0.00366192
725 0.00364577
631 0.00360668
607 0.00360553
687 0.00357586
339 0.00355497
168 0.00350191
668 0.00344213
50 0.00340651
54 0.00337641
627 0.00323654
34 0.00316582
280 0.0031593
132 0.00308941
341 0.00306794
624 0.00305398
391 0.00302076
6 0.00299309
252 0.00298999
147 0.00294699
379 0.0029369
628 0.00292749
650 0.00290902
356 0.00288615
1657 0.00286723
406 0.00285829
