581 0.00906473
586 0.00882245
421 0.0087334
6965 0.00870781
566 0.00854163
371 0.00781846
392 0.00733488
301 0.00708228
362 0.00696689
422 0.00695586
645 0.00694573
130 0.00688923
167 0.00681179
219 0.00679028
431 0.00665028
390 0.00662519
616 0.00654215
232 0.00639277
163 0.0063533
564 0.00633676
261 0.00630688
433 0.00627544
226 0.00613679
349 0.00611361
419 0.00608497
216 0.00606155
589 0.00601838
435 0.00598162
687 0.00598021
89 0.00592687
258 0.00570605
440 0.0055881
389 0.00552332
592 0.00552145
127 0.00550588
613 0.00542648
236 0.00542616
8285 0.00537952
604 0.0053567
359 0.00531872
182 0.00527449
538 0.00526139
273 0.00520396
567 0.00518484
154 0.00513238
38 0.00512302
378 0.00509821
19 0.00496797
617 0.00495054
61 0.00489479
286 0.00487504
250 0.00484841
1472 0.00483145
396 0.00477396
6 0.00469976
427 0.00468624
8282 0.00465413
590 0.00465391
358 0.00464265
607 0.00461938
132 0.00460568
34 0.00459409
394 0.00457599
601 0.00450721
6997 0.00449877
178 0.00447027
631 0.0043738
183 0.00431824
144 0.00431049
30 0.00429657
280 0.0042952
319 0.00425453
23 0.00416773
379 0.00416247
341 0.00406717
606 0.00406643
3 0.0040464
377 0.00403187
168 0.00395432
609 0.0039415
650 0.00383497
147 0.00383231
140 0.00380008
7161 0.00378163
363 0.00375298
983 0.00371858
10 0.00369767
33 0.00366791
694 0.00366467
627 0.00365261
8284 0.00360702
619 0.00356857
373 0.00351893
152 0.00350178
670 0.00339801
93 0.00333599
668 0.00329194
54 0.00326867
681 0.00326076
274 0.00319724
