6965 0.0131886
581 0.0105997
392 0.00965841
584 0.00883709
433 0.00809632
566 0.00783594
538 0.00771453
592 0.00758599
604 0.00739996
617 0.00722963
362 0.00722194
349 0.00702652
182 0.00684249
435 0.00679983
589 0.00667389
167 0.00663789
616 0.00658615
567 0.00628437
422 0.00627734
319 0.00613426
300 0.00609722
341 0.00608802
232 0.0060763
645 0.00603969
1472 0.00602137
301 0.00600512
440 0.00594017
39 0.00588858
371 0.00574067
175 0.00569169
236 0.00563412
590 0.0055658
390 0.00552126
163 0.00542226
427 0.00539523
406 0.00537128
431 0.00525231
421 0.00523808
8284 0.0051851
983 0.00517957
514 0.0050249
694 0.00502124
668 0.00496067
8283 0.00489345
226 0.00486375
881 0.0048158
7161 0.00479993
358 0.00477054
379 0.00462959
1478 0.00455775
428 0.00455283
8282 0.00455148
725 0.00454893
280 0.00454848
219 0.00449405
127 0.00448959
613 0.00446287
670 0.00438039
30 0.00437669
885 0.00436024
34 0.00433316
687 0.00425014
394 0.00410228
178 0.00406474
89 0.00402059
622 0.00401083
153 0.00391346
609 0.00385587
611 0.0038017
700 0.00379888
667 0.00379486
94 0.0037945
624 0.00376727
1092 0.00367718
151 0.00364861
802 0.00360467
257 0.00359271
1077 0.00359044
183 0.0035887
606 0.00358585
684 0.00353909
636 0.00353853
628 0.00352453
348 0.00349931
258 0.00348277
216 0.00346333
286 0.00344462
38 0.003394
601 0.00338286
19 0.0033783
144 0.00337315
779 0.00336072
306 0.00335862
674 0.00333826
359 0.00333266
378 0.00331141
273 0.00326411
564 0.00322893
396 0.00322412
363 0.00318114
