592 0.00666657
586 0.00536463
604 0.00531692
566 0.00529565
584 0.00520812
371 0.00503424
301 0.00484508
359 0.00471697
606 0.00435567
390 0.00430995
422 0.00417847
163 0.004128
358 0.00408728
581 0.00406924
89 0.00399843
339 0.00399739
286 0.00395748
433 0.00387439
236 0.00386107
280 0.00384817
645 0.0037668
564 0.00376522
182 0.00376022
341 0.00371098
226 0.00370955
273 0.00369878
6965 0.00369112
379 0.00363708
19 0.0036223
224 0.0035865
258 0.00355034
127 0.00344279
349 0.00343808
183 0.00342445
378 0.00339761
232 0.00334296
694 0.00328028
567 0.00327537
983 0.00323318
723 0.00319955
664 0.00318574
250 0.00316827
725 0.00315309
167 0.0031416
428 0.00313996
373 0.0031384
144 0.00313051
392 0.00311979
607 0.00311296
363 0.00309216
30 0.00307563
300 0.00306714
132 0.00305193
216 0.00304502
34 0.0029817
3 0.00294488
601 0.00291642
427 0.0029065
135 0.00290588
405 0.00289904
168 0.00288763
670 0.00287627
8282 0.00287142
616 0.00285672
261 0.00284565
681 0.00280928
627 0.00279577
650 0.00278361
6 0.00277214
362 0.00276583
396 0.00276027
252 0.00275907
624 0.00275752
675 0.00273426
348 0.00271253
419 0.00270491
38 0.00267002
306 0.00265558
636 0.00264529
667 0.00261808
319 0.00259655
255 0.00257934
619 0.00257525
325 0.00257067
219 0.00256745
151 0.00255802
431 0.00254797
356 0.00254274
609 0.00251193
370 0.00250748
657 0.00249986
613 0.00248007
154 0.00247401
377 0.00246867
394 0.00246833
8284 0.00246007
687 0.00244588
140 0.00244457
435 0.00243858
50 0.00243121
