6965 0.00966201
586 0.00861011
392 0.00836232
362 0.00691231
645 0.00690542
358 0.00637749
390 0.00597473
286 0.00584632
273 0.00577253
584 0.00554958
349 0.00547835
433 0.00532434
538 0.00531038
590 0.00529115
566 0.0052701
167 0.00517993
300 0.00508784
581 0.00508727
1472 0.00506878
422 0.00481385
154 0.00470144
363 0.00466957
668 0.00466861
280 0.00464565
592 0.00462007
371 0.00450164
219 0.00443488
394 0.0043917
301 0.00435188
127 0.0042963
624 0.00423052
7161 0.00422538
140 0.00421361
224 0.00419701
19 0.0041766
650 0.00416146
606 0.00413645
567 0.00411633
175 0.00408935
339 0.0040845
435 0.00407681
611 0.00407062
428 0.00401722
421 0.00401369
373 0.00399522
348 0.00398172
10 0.00397148
8284 0.0039349
613 0.0039245
627 0.00387423
619 0.00383899
617 0.00381582
664 0.00379148
182 0.00374986
93 0.00374638
440 0.00374462
379 0.00372825
30 0.00369973
389 0.0036977
694 0.00368019
34 0.00367466
108 0.00367348
700 0.00365921
23 0.00365173
130 0.00362097
226 0.00361273
616 0.00360004
983 0.00357425
670 0.00356188
564 0.00352299
396 0.00347668
607 0.0033514
255 0.00332638
687 0.00330857
258 0.00328776
274 0.00323088
319 0.0032031
609 0.00317867
866 0.00317651
261 0.00316456
341 0.00313316
8282 0.00313149
6 0.00310898
589 0.00309556
153 0.00308295
236 0.00302039
405 0.00293317
524 0.00292725
1092 0.00291666
39 0.00285906
132 0.00283809
673 0.00282857
868 0.0028178
427 0.00279361
216 0.00271683
681 0.00265711
779 0.00264974
163 0.00263436
147 0.00261627
882 0.00260831
