392 0.00607016
617 0.00555538
6965 0.0052873
650 0.00513463
613 0.00506059
645 0.00495386
224 0.00479091
10 0.00474896
631 0.00454574
624 0.00449128
363 0.00437814
421 0.00421087
30 0.00418411
581 0.00414241
592 0.00413019
694 0.00409948
668 0.0039779
538 0.00396505
440 0.00389733
140 0.00388572
23 0.00384409
300 0.00379288
61 0.00379145
586 0.00378714
127 0.0037174
609 0.00369071
286 0.00364338
604 0.00363425
422 0.00362442
280 0.00359973
657 0.00356877
628 0.00354454
150 0.00353402
349 0.00350795
261 0.00348502
378 0.00347791
606 0.00344757
130 0.00343535
379 0.00340958
622 0.00340026
258 0.00333882
147 0.00329016
2092 0.00328253
619 0.00325202
607 0.00325056
175 0.00323892
627 0.00322871
822 0.00322747
341 0.0032118
358 0.00319474
8286 0.00318875
6 0.00317479
390 0.00311007
319 0.00310743
89 0.00310711
54 0.00310259
394 0.00309298
793 0.00301044
791 0.00299606
226 0.00299002
273 0.00298252
589 0.00293616
250 0.00292114
163 0.00290638
428 0.00289068
236 0.00288911
154 0.00285509
725 0.00284351
168 0.0028423
723 0.00282777
885 0.00282539
779 0.00279889
584 0.00279832
255 0.00276231
33 0.0027204
371 0.00271947
560 0.00271416
183 0.00271303
216 0.00270353
306 0.0027032
362 0.00270314
377 0.00270189
182 0.00262684
246 0.00259451
658 0.00257841
942 0.00254608
34 0.00254059
616 0.00253671
8282 0.00253104
19 0.00249512
339 0.00249297
373 0.00247846
1657 0.00247109
433 0.00245621
252 0.00244839
706 0.0024477
39 0.00244676
1472 0.00243541
93 0.00243052
802 0.00242924
