5145 0.00278154
7034 0.00275881
1971 0.00273969
7957 0.00268235
7797 0.00267173
2133 0.00260999
7490 0.00183757
5406 0.00166289
7088 0.00162319
5588 0.00158362
7422 0.00155584
7512 0.00151349
7491 0.00150888
7497 0.00144257
6641 0.00140375
5471 0.00139125
6568 0.00137787
6475 0.00136629
5310 0.00136482
7450 0.00136214
3000 0.00135143
6243 0.00134047
8050 0.00133258
5754 0.00133004
1510 0.00132891
7362 0.00128255
7673 0.00127928
4879 0.00127816
5289 0.00123388
5835 0.00120732
7279 0.00118919
7634 0.00118822
5500 0.00117992
6967 0.00116197
7510 0.0011432
7593 0.00113582
7201 0.00112089
7899 0.00112009
6278 0.00111878
7237 0.00111755
7442 0.00110001
3885 0.00109423
7799 0.0010875
4471 0.00108209
6241 0.00105917
5933 0.0010549
7407 0.00104135
5368 0.00104053
3297 0.00101923
5776 0.001018
7946 0.00101528
7054 0.00100908
4341 0.00100449
7319 0.000998309
6721 0.000994314
6080 0.000990937
5740 0.000964858
7059 0.0009642
7094 0.00096288
6054 0.000961982
5240 0.00096047
6592 0.000956149
7378 0.000955485
2672 0.000955047
7726 0.00095421
7695 0.000951257
4632 0.000949188
7373 0.000948684
7529 0.000944116
7646 0.000943336
155 0.000942263
6010 0.000937639
7304 0.000933346
6000 0.00092644
3880 0.000924942
7365 0.000924096
4332 0.000919681
6320 0.000917943
3969 0.000917451
7131 0.000910922
6590 0.000909352
3726 0.000907743
6945 0.000905785
7618 0.000902481
5792 0.000896567
6594 0.000895087
6712 0.000894241
3138 0.000893517
5075 0.000890235
2423 0.000889562
6778 0.000886663
7436 0.000885266
7882 0.000882416
5466 0.000880123
7965 0.000876402
7662 0.000876145
6149 0.000875753
6111 0.000874081
5806 0.000873081
6174 0.000871718
