586 0.00489682
108 0.00432455
3939 0.00394741
359 0.00368418
2378 0.00367461
1771 0.00363874
8285 0.00354238
349 0.0035077
368 0.00301888
2242 0.0027146
8284 0.0026876
94 0.0026455
784 0.00245686
524 0.00239593
389 0.00235029
517 0.00232108
687 0.00231403
2234 0.00214533
581 0.00207578
30 0.00205358
604 0.00200523
584 0.00199611
1141 0.00195916
95 0.0019394
684 0.00190805
3942 0.00190644
39 0.0018708
93 0.00171263
8287 0.00166881
2736 0.0016336
1124 0.00161571
32 0.00160588
1732 0.00160095
2409 0.00157388
348 0.00152611
306 0.00151348
514 0.00151284
943 0.00143502
38 0.00137871
178 0.00137352
477 0.00132877
54 0.0013102
6 0.00127778
1746 0.00124736
567 0.00123637
300 0.00123571
488 0.00122027
350 0.00120519
61 0.00119035
936 0.00118352
286 0.00118053
216 0.00116146
379 0.00115906
1610 0.00115202
363 0.00114397
302 0.00113333
105 0.00113176
1628 0.00112412
4557 0.00111373
2195 0.00110769
1747 0.00109414
371 0.0010866
75 0.00108241
2332 0.00106489
985 0.00105241
836 0.00104478
1798 0.00103112
192 0.00102768
636 0.0010203
611 0.00101978
956 0.00100737
406 0.00100717
590 0.00100446
637 0.000996563
257 0.00095481
321 0.000897886
2499 0.000896303
35 0.000884312
1768 0.000876735
932 0.000874204
271 0.000870222
252 0.000860146
28 0.000812179
730 0.000799743
1788 0.000794614
506 0.000794526
55 0.000786558
559 0.000772763
1375 0.000767954
1966 0.000755928
36 0.000738816
182 0.000730266
1156 0.000727762
1218 0.000703242
1802 0.000697465
994 0.000691446
1487 0.000682051
1791 0.000671905
3967 0.000648269
1322 0.000643668
