244 0.00636998
6 0.00634961
74 0.00634961
154 0.0062936
60 0.00629177
7 0.00628851
24 0.00627323
212 0.00625715
145 0.00624777
86 0.0062274
47 0.00622231
233 0.00622231
215 0.00621722
2 0.00620704
34 0.00620704
216 0.00620704
45 0.00619685
15 0.00618667
96 0.00618349
16 0.00618158
36 0.00618158
59 0.00617987
125 0.00617572
11 0.00617139
76 0.0061687
18 0.0061663
288 0.00616266
37 0.00616121
3 0.00615612
12 0.00614593
14 0.00614593
90 0.00614593
70 0.00614084
50 0.00613066
207 0.00612941
27 0.00612047
81 0.00612047
52 0.00611538
13 0.0061052
46 0.0061052
71 0.0061052
77 0.0061033
287 0.00610011
250 0.0060855
335 0.00608483
63 0.0060827
305 0.00607974
8 0.00607465
97 0.00606446
153 0.00605937
120 0.00605428
166 0.00604919
4 0.0060441
39 0.00602894
43 0.00602882
160 0.00601864
292 0.00601864
1 0.00601354
114 0.00601354
210 0.00600845
62 0.00599761
209 0.00599318
17 0.00598808
23 0.00598808
234 0.00598808
10 0.0059779
49 0.0059779
55 0.00597778
35 0.00596772
33 0.00596263
58 0.00594735
64 0.00594735
5 0.00594226
32 0.00593717
208 0.00588405
68 0.00582514
223 0.00582241
104 0.00553346
98 0.00552775
222 0.00550864
128 0.00537058
123 0.00534836
132 0.00524027
79 0.00507515
103 0.00497193
186 0.0049693
298 0.00496813
113 0.00496499
109 0.00494964
221 0.00491134
134 0.00488064
270 0.00485888
56 0.00482749
66 0.00476685
65 0.00476654
31 0.00476236
40 0.00473439
232 0.00469895
268 0.00468733
75 0.00467283
