63 0.00598727
123 0.00597471
21 0.00596581
62 0.00591443
250 0.00589071
55 0.00586734
1 0.00586449
288 0.00586418
35 0.00585975
145 0.00585975
59 0.00585607
114 0.00584551
30 0.00584311
6 0.00584077
40 0.00583834
208 0.0058357
50 0.00583128
7 0.00581704
13 0.00581704
64 0.00581704
5 0.00579806
11 0.00579332
15 0.00578857
2 0.00577909
58 0.00577434
292 0.00577434
4 0.0057696
52 0.0057696
216 0.00576011
10 0.00575536
71 0.00575536
45 0.00575062
154 0.00575062
166 0.00575062
335 0.00575062
39 0.00574951
120 0.00574587
233 0.00573638
81 0.00573164
47 0.00572689
128 0.00572639
60 0.00572411
24 0.00572215
36 0.00572215
37 0.0057174
75 0.00571268
68 0.00571266
305 0.00571266
76 0.00571033
32 0.00570791
209 0.00570317
66 0.00569845
3 0.00569842
244 0.00569842
153 0.00569368
46 0.00567945
97 0.00567945
17 0.0056747
79 0.00567021
23 0.00566996
74 0.00566047
16 0.00565572
49 0.00565572
12 0.00563674
33 0.00563674
90 0.00563674
210 0.00561776
215 0.00561302
160 0.00557981
34 0.00557506
207 0.00557345
8 0.00557032
18 0.00557032
234 0.00557032
70 0.00556557
125 0.00556453
86 0.00555134
287 0.00554659
14 0.00554185
43 0.00554185
27 0.00552761
211 0.00542306
118 0.00537799
109 0.00533565
98 0.00528701
212 0.00514249
82 0.00513492
104 0.00510287
185 0.0050445
203 0.00503822
134 0.00502088
222 0.004914
186 0.00489055
69 0.00488511
26 0.00485429
199 0.00485031
56 0.00482952
223 0.00480401
113 0.00471234
25 0.00467298
