128 0.00507694
207 0.00497323
209 0.00496317
75 0.00494462
59 0.00489293
66 0.00488242
268 0.00487765
288 0.00487311
292 0.00486469
55 0.00486034
15 0.00485288
34 0.004845
62 0.00484054
4 0.0048253
208 0.00482183
32 0.00482137
97 0.00482137
166 0.00482137
70 0.00481349
160 0.00480955
63 0.00480893
210 0.00480167
5 0.00479379
79 0.00479375
11 0.00478591
153 0.00478591
125 0.00478565
212 0.0047855
37 0.00477804
60 0.00477154
183 0.0047714
7 0.00477016
71 0.00476622
47 0.00476228
287 0.00476228
21 0.00475566
3 0.0047544
58 0.0047544
250 0.00475287
305 0.00475046
154 0.00474652
43 0.00474258
13 0.00473865
74 0.00473865
120 0.00473865
18 0.00473471
222 0.00473434
216 0.00473077
76 0.00472881
12 0.00471895
35 0.00470713
64 0.00470713
23 0.00469926
1 0.00469532
33 0.00469532
244 0.00469532
52 0.00469138
45 0.00467956
39 0.00467541
49 0.0046638
145 0.0046638
16 0.00465987
8 0.00465593
36 0.00465593
215 0.00465593
233 0.00465199
77 0.00465075
176 0.00464132
86 0.00464017
27 0.00463229
46 0.00463229
234 0.00463229
30 0.00462903
50 0.00461654
81 0.00461654
223 0.00461537
14 0.0046126
90 0.0046126
10 0.00460078
6 0.00458896
24 0.00458502
114 0.00458108
68 0.00457715
335 0.00450624
2 0.0045023
199 0.00448042
298 0.00445897
211 0.00445297
17 0.00441958
98 0.00429401
56 0.00427835
232 0.00423603
123 0.00422447
265 0.004219
203 0.00420464
113 0.00420433
72 0.00420024
185 0.00402057
261 0.00401255
276 0.00398731
