2666 0.00404734
3071 0.00400433
2713 0.0039495
2667 0.00394322
2963 0.00393445
2679 0.00393131
2668 0.00393088
2682 0.0039299
2722 0.00392648
2664 0.00392365
2774 0.00391791
2695 0.00391616
2663 0.00391312
2671 0.00391122
2696 0.0039069
2886 0.00390509
2798 0.00390229
2662 0.0038859
2805 0.00387987
2673 0.00387813
2788 0.0038753
2776 0.00387386
2670 0.00387345
2681 0.00387293
2672 0.00386524
2847 0.00385675
2860 0.00385484
2733 0.00384798
2746 0.00384473
2691 0.00384146
2799 0.00383993
2680 0.00383987
3183 0.00383827
2712 0.00383653
2715 0.0038352
2855 0.00383148
2926 0.0038312
2736 0.00382842
3031 0.00382631
3268 0.00381319
2718 0.00381073
2842 0.00381048
2933 0.00380325
2857 0.00378837
2700 0.00377874
2661 0.00377842
2665 0.0037603
2685 0.00375848
2732 0.00372981
3230 0.0037177
2761 0.00321674
2741 0.00308127
2809 0.00298977
3092 0.00298742
2977 0.00298585
2731 0.00293446
2953 0.00291286
2745 0.00289849
2852 0.00289443
2756 0.00285977
2981 0.0028349
3029 0.00283003
2773 0.00281441
2676 0.00281399
2850 0.00278783
3123 0.00274313
2908 0.00272516
3294 0.00263209
2769 0.00261373
2967 0.00260288
3238 0.0025862
2669 0.00254204
2994 0.00253724
3384 0.00252697
2766 0.00252236
2887 0.00250693
3364 0.00248394
2929 0.00243031
3104 0.00240715
3014 0.00237296
3025 0.00236406
3084 0.00236309
2698 0.00235678
2862 0.00235296
2874 0.00235098
3333 0.00233111
3202 0.00232134
2931 0.00232028
3026 0.00227669
2837 0.00227397
2794 0.00226859
2873 0.00226737
2683 0.00225695
2915 0.00225358
3042 0.00225296
3435 0.00222827
3166 0.00222399
3293 0.00221383
3052 0.00218409
3237 0.00218137
