2675 0.00395117
2662 0.00394624
2842 0.00394264
2695 0.00392519
3031 0.00391913
2687 0.00391601
2776 0.00390994
2682 0.0039099
2712 0.0039055
2857 0.00390464
2713 0.00390383
2736 0.00389604
3071 0.00389589
2672 0.00388927
2926 0.00388484
2696 0.00387732
2718 0.00387604
2664 0.00386624
2665 0.00386279
2733 0.0038564
2685 0.00385096
2722 0.00384908
2847 0.00384635
2691 0.00384568
2886 0.00383675
2860 0.00383437
2774 0.00383344
2666 0.00382843
2671 0.00382382
2674 0.00381166
2799 0.00381099
3230 0.00380758
2788 0.00380261
3197 0.00379519
2895 0.00378993
2668 0.00378935
2963 0.00378567
3183 0.00378181
2732 0.00377399
2720 0.00375902
2670 0.00375592
2663 0.00375563
2805 0.00374669
2715 0.00374566
2667 0.00374414
3268 0.00373668
2933 0.00372018
2661 0.00371776
2855 0.00364993
2700 0.00360713
2753 0.00337214
2765 0.00315315
2785 0.00273389
3009 0.00269802
2990 0.0026954
2752 0.00267781
3345 0.00262405
3161 0.00260282
2793 0.00259479
2989 0.00259466
2791 0.00259113
2970 0.00258853
3106 0.00258802
2973 0.00257451
3319 0.00251423
2711 0.00249528
3321 0.00249499
3224 0.00245833
3355 0.00244858
2942 0.00244768
2770 0.00241966
3240 0.0024035
2783 0.00237408
2914 0.002347
3058 0.00229414
2984 0.00229046
2936 0.00223693
3391 0.00218283
3109 0.002168
3007 0.0021673
3038 0.00216325
3299 0.00213527
2742 0.0021222
2875 0.00209203
2751 0.00209193
3089 0.00209044
3041 0.00208406
2846 0.00207443
2714 0.00205576
3006 0.00205268
2684 0.00203811
3120 0.00203542
2922 0.00202312
2679 0.00201996
2734 0.00201893
3046 0.0020172
3175 0.00201714
2804 0.00201176
2727 0.00201097
2686 0.00200813
