3746 0.007815
3575 0.00776853
3446 0.00768521
3853 0.00767125
3856 0.00764957
3440 0.00764604
3441 0.00761465
3667 0.00759928
3560 0.00759735
3798 0.00758143
3801 0.0075629
3974 0.00755435
3556 0.00755427
3489 0.00754856
3875 0.00753643
3483 0.00753451
3477 0.00753169
3548 0.00752062
3444 0.00750835
3820 0.00750551
3445 0.00750498
3494 0.00749886
3457 0.00749791
3452 0.00749414
3570 0.00746982
3733 0.00746398
3447 0.00745923
3503 0.00745201
3879 0.0074477
3709 0.00744458
3552 0.00742348
3765 0.00741201
3479 0.00740823
3492 0.00740395
3442 0.00740021
3689 0.00739927
3478 0.00739882
3475 0.00738928
3450 0.00738349
3688 0.0073793
3453 0.00737155
3502 0.00736752
3544 0.00735253
3465 0.00733434
3729 0.0073288
3459 0.00732763
3619 0.00732419
3650 0.00731777
3748 0.00730631
3438 0.00730223
3589 0.00729352
3704 0.00727794
3484 0.00727164
3485 0.00726025
3473 0.00724972
3935 0.00724675
3443 0.00723051
3471 0.00722751
3458 0.00719885
3653 0.00719789
3539 0.0071951
3928 0.00719199
3467 0.00718403
3854 0.00716603
3537 0.00716467
3463 0.00715915
3805 0.00709138
3439 0.00702899
3717 0.00697646
3451 0.00697324
3609 0.00669371
3656 0.00647893
3550 0.00619155
3501 0.00611674
3525 0.00607775
3712 0.00588216
3625 0.00577574
3540 0.00566898
3456 0.00565992
3654 0.00560889
3491 0.00559748
3796 0.00559253
3618 0.00555155
3978 0.00552216
3788 0.00548194
3651 0.0053968
3889 0.00518289
3520 0.00518169
3496 0.00518145
3697 0.00513267
3692 0.00509076
3592 0.00507881
3750 0.0050669
3495 0.00503979
3517 0.00497098
3586 0.00493247
3547 0.00491346
3693 0.00490581
3597 0.00490141
3741 0.00486433
