3489 0.0102992
3502 0.010293
3729 0.0102656
3575 0.0102489
3452 0.0101929
3748 0.0101784
3856 0.0101743
3733 0.0101731
3560 0.0101508
3746 0.0101415
3477 0.0101236
3820 0.0101195
3443 0.0101152
3574 0.010101
3441 0.0101002
3935 0.0100975
3709 0.0100957
3492 0.0100838
3539 0.0100601
3650 0.010052
3467 0.010032
3473 0.0100305
3465 0.00998834
3445 0.00998525
3875 0.00998369
3453 0.00998158
3463 0.0099636
3503 0.0099389
3450 0.00993165
3717 0.00992855
3801 0.00992637
3619 0.00991898
3544 0.00991368
3447 0.0099106
3653 0.00990706
3458 0.00990605
3444 0.00989662
3442 0.00984432
3589 0.00982949
3537 0.00981927
3459 0.00981217
3494 0.00979536
3879 0.00979324
3578 0.00978807
3451 0.0097584
3461 0.00975405
3854 0.00973272
3478 0.00973149
3457 0.00973084
3570 0.00972379
3798 0.00972071
3483 0.00971616
3438 0.00969951
3479 0.0096975
3439 0.00967814
3446 0.00962528
3704 0.00954763
3853 0.00953751
3974 0.00948344
3557 0.00870813
3670 0.0077857
3627 0.0074443
3686 0.00737705
3654 0.00732739
3687 0.00709841
3514 0.00702051
3542 0.00693104
3832 0.00680326
3762 0.00671428
3605 0.00665574
3913 0.00650215
3860 0.00644231
3603 0.00619055
3635 0.00618039
3730 0.00613093
3518 0.00592607
3658 0.00579905
3790 0.00579329
3640 0.00573599
3681 0.00571443
3824 0.00558941
3884 0.00557599
3504 0.00550749
3472 0.00539232
3942 0.00538767
3749 0.00528819
3440 0.00525943
3482 0.00520981
3688 0.00516618
3487 0.00516239
3565 0.00515214
3689 0.0051459
3497 0.0051362
3669 0.00512055
3922 0.00511519
3702 0.00511388
3536 0.00511364
3588 0.00511244
3455 0.00510306
3811 0.00509968
