3442 0.00717603
3650 0.00709219
3935 0.00700391
3447 0.00700166
3440 0.00697767
3537 0.00696242
3619 0.00694724
3717 0.00694462
3709 0.00693634
3853 0.00693525
3729 0.00690096
3453 0.00688428
3575 0.00687399
3748 0.00686674
3856 0.00685958
3463 0.00685245
3801 0.00684222
3589 0.00681967
3746 0.00680739
3733 0.0068048
3479 0.00679233
3473 0.00677256
3494 0.00677169
3489 0.00676578
3458 0.00676146
3656 0.00675736
3974 0.0067565
3653 0.00675506
3492 0.00675431
3451 0.00674786
3544 0.0067445
3570 0.00672386
3467 0.00672373
3539 0.00672104
3704 0.00672005
3452 0.00671881
3445 0.00669445
3502 0.00669307
3461 0.00668662
3875 0.00668449
3654 0.00667136
3879 0.0066706
3854 0.00666047
3798 0.0066568
3477 0.00664922
3459 0.00664826
3450 0.0066471
3457 0.00663688
3483 0.00663234
3443 0.00662988
3820 0.00662406
3503 0.00662389
3465 0.00662141
3439 0.00662035
3618 0.00658984
3441 0.00655211
3560 0.00654538
3438 0.00653642
3446 0.00653007
3444 0.00652264
3928 0.00650597
3478 0.0065046
3788 0.00606099
3741 0.00598524
3556 0.00547131
3721 0.00525151
3943 0.0052501
3609 0.00522517
3651 0.00520176
3889 0.00519859
3712 0.00517684
3692 0.00504045
3736 0.0049935
3978 0.00493883
3886 0.00460892
3841 0.00455075
3750 0.00452563
3603 0.0045162
3480 0.00442196
3597 0.00439602
3525 0.00436681
3548 0.004349
3674 0.00433836
3805 0.00426135
3577 0.00414877
3796 0.00411032
3693 0.00403986
3563 0.00403912
3780 0.00403399
3550 0.00386345
3683 0.00385094
3797 0.00384267
3968 0.0037976
3734 0.00378827
3970 0.00371102
3667 0.00369087
3872 0.00367082
3454 0.00364954
3689 0.00363917
3851 0.00361592
