3459 0.00589422
3717 0.00587371
3479 0.00584041
3619 0.00582699
3465 0.00582397
3450 0.00581968
3467 0.00580131
3443 0.00579572
3656 0.00578462
3444 0.00578275
3879 0.00578227
3570 0.00577139
3709 0.00577125
3575 0.0057462
3537 0.00574454
3452 0.00574344
3653 0.00574064
3935 0.00573808
3854 0.00573501
3650 0.00572566
3439 0.00572236
3798 0.00571908
3733 0.00571703
3539 0.00571453
3453 0.00571389
3438 0.00571119
3729 0.00570579
3503 0.00569139
3856 0.00568239
3544 0.00567924
3654 0.00567285
3446 0.00567204
3451 0.00565816
3442 0.00564796
3492 0.00564751
3483 0.00564745
3463 0.00564681
3748 0.0056456
3801 0.00563961
3447 0.00563284
3704 0.00562789
3974 0.00561416
3875 0.00559796
3552 0.00559758
3478 0.00558738
3502 0.00558074
3441 0.00557753
3560 0.00556648
3494 0.00556149
3820 0.0055592
3489 0.00555687
3589 0.00554985
3458 0.00553587
3461 0.00551282
3853 0.00551145
3473 0.00550064
3457 0.00549378
3746 0.00545306
3477 0.00542742
3445 0.00536157
3667 0.00504863
3741 0.00504253
3755 0.00454281
3712 0.0044308
3618 0.00439474
3978 0.00437833
3692 0.00436232
3886 0.00426831
3842 0.00412671
3736 0.00409241
3873 0.00402175
3651 0.00397514
3683 0.00397507
3928 0.00392913
3943 0.0038482
3962 0.00378978
3805 0.00378544
3796 0.00375292
3525 0.00375047
3548 0.00372362
3703 0.00371086
3795 0.00368233
3889 0.00364839
3841 0.00362882
3697 0.00353494
3971 0.00345401
3625 0.00343451
3780 0.00342854
3797 0.00337257
3750 0.00332013
3563 0.00329879
3831 0.00328271
3540 0.00324626
3929 0.00324565
3734 0.0031729
3788 0.00315707
3721 0.00313795
3498 0.00312841
3609 0.00312321
3693 0.00310905
